5 3 0 0 7 0 0 0 0
6 0 0 1 9 5 0 0 0
8 0 0 0 6 0 0 0 3
9 0 0 0 4 0 0 0 2
4 0 0 8 0 3 0 0 1
7 0 0 0 2 0 0 0 6
0 6 0 0 0 0 2 8 0
0 0 0 4 1 9 0 0 5
0 0 0 0 8 0 0 7 9
mi sudoku

0 0 0 0 0 0 0 0 0
0 0 0 0 0 0 0 0 0
0 0 0 0 0 0 0 0 0
0 0 0 0 0 0 0 0 0
0 0 0 0 0 0 0 0 0
0 0 0 0 0 0 0 0 0
0 0 0 0 0 0 0 0 0
0 0 0 0 0 0 0 0 0
0 0 0 0 0 0 0 0 0
get vacio

3 0 5 0 0 8 0 1 0
0 0 7 0 0 0 5 0 8
1 2 0 7 5 0 0 9 0
0 0 9 0 7 0 0 0 4
0 0 4 3 0 5 9 0 0
7 0 0 0 9 0 8 0 0
0 3 0 0 4 6 0 5 7
4 0 6 0 0 0 1 0 0
0 7 0 5 0 0 6 0 9
start-stop

3 0 5 0 0 8 0 1 0
0 0 7 0 0 0 5 0 8
1 2 0 7 5 0 0 9 0
0 0 9 0 7 0 0 0 4
0 0 4 3 0 5 9 0 0
7 0 0 0 9 0 8 0 0
0 3 0 0 4 6 0 5 7
4 0 6 0 0 0 1 0 0
0 7 0 5 0 0 6 0 9
get con estado inicial

3 0 5 0 0 8 0 1 0
0 0 7 0 0 0 5 0 8
1 2 0 7 5 0 0 9 0
0 0 9 0 7 0 0 0 4
0 0 4 3 0 5 9 0 0
7 0 0 0 9 0 8 0 0
0 3 0 0 4 6 0 5 7
4 0 6 0 0 0 1 0 0
0 7 0 5 0 0 6 0 9
solucion enunciado

3 0 5 0 0 8 0 1 0
0 0 7 0 0 0 5 0 8
1 2 0 7 5 0 0 9 0
0 0 9 0 7 0 0 0 4
0 0 4 3 0 5 9 0 0
7 0 0 0 9 0 8 0 0
0 3 0 0 4 6 0 5 7
4 0 6 0 0 0 1 0 0
0 7 0 5 0 0 6 0 9
error de numeros

0 0 0 0 0 0 0 0 0
0 0 0 0 0 0 0 0 0
0 0 0 0 0 0 0 0 0
0 0 0 0 0 0 0 0 0
0 0 0 0 0 0 0 0 0
0 0 0 0 0 0 0 0 0
0 0 0 0 0 0 0 0 0
0 0 0 0 0 0 0 0 0
0 0 0 0 0 0 0 0 0
restart vacio

3 0 5 0 0 8 0 1 0
0 0 7 0 0 0 5 0 8
1 2 0 7 5 0 0 9 0
0 0 9 0 7 0 0 0 4
0 0 4 3 0 5 9 0 0
7 0 0 0 9 0 8 0 0
0 3 0 0 4 6 0 5 7
4 0 6 0 0 0 1 0 0
0 7 0 5 0 0 6 0 9
error de indices

3 0 5 0 0 8 0 1 0
0 0 7 0 0 0 5 0 8
1 2 0 7 5 0 0 9 0
0 0 9 0 7 0 0 0 4
0 0 4 3 0 5 9 0 0
7 0 0 0 9 0 8 0 0
0 3 0 0 4 6 0 5 7
4 0 6 0 0 0 1 0 0
0 7 0 5 0 0 6 0 9
restart con estado inicial
